101.346
307
102.961
280
147.716
293
110.630
282
102.241
264
108.333
288
96.292
285
109.813
297
99.659
293
98.913
288
101.431
290
91.936
287
99.195
299
97.725
271
93.234
278
93.654
294
89.749
278
105.157
266
103.267
279
112.296
285
100.031
288
95.211
293
96.817
274
98.512
291
92.741
270
95.361
301
95.837
279
109.876
275
91.330
278
91.464
298
99.149
283
92.479
266
98.288
259
114.325
268
91.531
278
94.372
286
111.989
281
100.391
293
91.742
293
95.820
267
89.901
281
101.404
290
101.199
292
92.824
280
103.656
298
96.073
274
120.802
270
99.153
292
98.689
282
108.632
270
95.852
271
97.841
286
95.492
310
97.197
271
93.331
274
97.277
294
100.460
280
97.986
271
97.102
286
95.350
290
102.578
273
96.272
297
100.085
278
97.257
272
93.607
283
98.673
271
96.708
278
99.655
312
88.574
301
94.203
299
95.714
308
95.213
308
134.801
284
100.549
309
96.339
300
94.824
275
124.678
280
97.001
282
99.396
281
101.651
308
93.357
275
100.084
286
113.383
292
96.812
313
99.989
324
121.112
271
96.099
289
103.052
296
109.787
286
94.765
253
102.133
317
96.982
261
93.393
261
90.472
281
114.627
280
92.433
271
117.606
266
111.865
259
104.590
275
109.612
285
111.785
264
98.117
274
101.102
303
92.576
276
97.705
301
113.075
268
112.754
269
120.268
288
98.356
288
106.749
280
108.691
299
92.010
265
97.375
272
117.876
259
92.689
268
90.337
256
101.636
269
125.938
268
86.979
305
98.019
286
119.695
275
113.826
295
87.901
296
98.957
264
97.430
294
95.843
292
97.818
279
91.667
275
124.352
287
87.667
269
101.241
270
99.551
287
96.841
270
90.061
287
96.268
394
120.744
269
118.178
266
95.983
288
92.513
287
97.831
291
91.870
293
95.250
291
96.029
280
98.039
271
98.940
328
110.443
299
96.762
296
98.150
277
122.982
292
100.050
270
91.048
264
101.524
254
99.558
268
95.139
287
102.110
283
96.243
297
92.919
262
118.533
313
94.648
275
99.660
247
94.377
271
96.816
266
93.790
292
111.361
271
94.805
267
99.556
327
114.660
298
95.135
278
95.819
293
110.740
252
92.452
287
122.577
269
105.569
271
89.999
288
99.565
269
105.080
269
89.499
273
92.909
308
104.318
299
99.091
290
98.501
271
92.584
268
93.407
301
93.891
287
113.433
289
95.435
277
100.307
263
98.296
282
103.884
270
97.269
285
95.060
257
93.743
282
92.250
282
94.268
298
98.948
340
101.571
294
97.539
294
90.209
266
89.249
251
97.171
288
90.347
259
90.423
289
109.909
277
90.952
278
91.500
267
119.355
269
93.517
281
88.841
274
94.163
280
94.159
300
97.235
290
95.112
278
95.355
268
97.822
273
95.966
298
95.492
278
101.620
305
100.023
274
92.644
306
90.643
292
89.903
285
96.400
289
94.276
283
112.087
294
92.300
286
102.719
312
97.563
277
94.319
332
94.358
255
106.014
278
102.480
270
92.054
302
99.141
282
95.371
281
102.491
279
93.989
271
94.701
302
94.433
336
124.433
257
96.062
268
102.266
262
94.803
274
96.366
276
122.091
291
95.712
269
108.247
263
99.279
321
93.638
266
95.752
279
100.184
290
91.801
292
93.006
296
95.985
277
94.367
259
88.220
290
92.058
279
96.952
282
95.869
275
95.857
251
95.595
354
118.778
261
97.477
311
101.433
318
109.260
265
96.783
274
93.365
288
101.418
278
97.027
297
90.508
311
105.352
274
97.926
274
94.803
282
101.511
276
98.957
294
91.434
362
99.109
282
105.905
335
103.034
267
94.897
295
94.989
297
100.537
274
99.550
322
96.747
274
95.520
279
98.136
295
94.303
272
92.058
278
92.019
320
94.413
289
94.693
274
103.865
277
95.735
331
97.454
285
93.411
274
93.938
270
90.369
263
97.835
281
94.493
265
93.190
291
98.285
271
96.993
292
94.280
291
100.123
281
93.845
309
95.203
304
93.114
317
103.919
280
93.336
277
92.903
276
104.754
310
104.503
267
99.746
276
100.334
301
97.475
288
104.172
286
94.461
328
100.752
310
99.874
261
90.431
324
95.539
279
93.108
294
91.940
282
93.869
298
113.639
259
94.774
310
97.106
283
92.565
302
103.046
262
94.984
291
98.906
284
94.565
254
95.859
245
98.318
321
93.706
286
101.401
280
92.435
288
99.585
295
97.659
303
94.073
267
125.422
258
96.886
301
89.929
258
100.555
271
101.710
283
105.317
284
106.027
281
93.869
284
89.795
291
98.743
322
98.995
270
93.504
278
98.189
283
91.343
283
91.334
361
95.857
275
94.999
278
110.473
300
104.035
302
98.288
300
91.125
276
100.922
289
93.543
270
92.180
274
104.406
284
97.684
274
90.756
304
95.809
262
93.615
295
104.183
288
107.723
289
99.115
293
91.358
309
129.010
312
92.188
272
95.189
281
100.372
297
105.046
277
95.184
306
89.877
275
96.596
260
101.373
262
98.738
283
95.057
309
114.386
269
99.818
299
94.677
353
93.369
291
100.018
259
103.672
293
96.720
300
100.291
264
97.224
271
90.706
271
96.175
298
97.290
278
132.883
292
102.850
276
93.042
261
92.454
272
95.724
278
92.207
360
91.175
284
97.832
254
94.837
298
98.310
294
94.248
283
91.820
312
95.924
275
102.928
288
93.607
301
122.388
285
97.723
298
96.959
289
90.253
269
92.242
291
92.368
280
95.842
269
93.523
269
104.653
288
90.600
264
95.311
262
98.027
305
92.234
283
96.221
322
96.489
282
97.388
260
95.318
301
100.011
269
94.523
313
117.260
290
97.419
295
92.749
268
97.372
357
99.565
273
107.659
294
101.158
295
98.538
259
92.448
306
97.729
284
102.471
289
95.242
273
93.129
283
99.112
282
100.299
274
96.478
289
96.077
268
94.289
282
96.574
279
98.810
303
92.833
284
91.193
292
105.497
328
88.184
260
91.883
297
95.248
266
96.884
261
120.768
285
96.615
279
101.269
282
108.977
270
97.778
303
92.426
279
95.070
288
98.950
265
103.540
275
103.262
274
103.798
299
89.741
333
89.186
276
94.485
289
87.936
283
95.961
284
100.480
297
93.705
283
88.943
268
101.332
226
94.556
334
91.396
330
92.817
286
92.629
292
94.012
287
103.177
267
92.503
289
95.209
245
91.012
301
92.053
288
96.440
277
99.303
370
92.677
276
95.179
269
95.320
293
94.509
284
91.012
284
95.452
270
97.913
292
100.853
274
105.455
291
91.345
270
98.762
276
95.034
256
96.976
292
92.835
291
95.585
261
96.268
278
91.969
287
93.638
280
89.347
285
118.819
276
112.856
300
94.993
295
95.113
277
92.457
260
97.370
279
107.494
257
95.295
280
91.470
280
110.453
299
93.935
279
90.529
276
91.571
289
94.874
277
95.229
268
91.450
303
93.609
288
90.002
287
94.059
298
96.517
277
91.781
269
102.174
294
94.801
302
94.768
290
95.435
286
91.675
259
106.618
262
102.992
298
104.450
266
108.576
275
123.438
273
96.073
311
95.681
275
140.559
280
102.366
286
98.243
293
145.480
255
103.176
292
146.933
261
90.951
298
113.475
276
89.789
316
92.082
295
114.208
273
102.797
261
102.744
283
94.024
294
118.177
261
101.991
235
93.024
333
94.133
335
99.591
273
106.488
283
100.714
261
91.838
289
95.519
277
95.542
282
112.274
303
97.114
246
87.082
329
95.992
271
95.957
277
94.801
249
93.683
296
91.578
261
104.651
276
90.647
257
117.207
259
94.383
301
90.291
265
97.726
286
97.141
314
103.669
282
94.919
267
89.997
266
92.882
275
94.129
287
97.508
287
100.277
283
100.573
279
93.281
270
99.929
279
95.606
266
95.995
293
97.257
291
91.850
280
96.352
295
94.829
283
94.087
288
95.391
283
97.819
272
107.173
265
97.600
265
97.878
307
98.183
273
94.830
297
98.837
257
88.882
274
99.044
311
110.806
279
98.661
312
94.270
300
93.531
303
92.810
289
91.770
272
97.769
350
94.708
270
95.145
278
103.717
296
89.829
270
90.271
272
96.390
264
98.611
303
90.398
295
92.658
276
98.069
295
92.539
303
99.485
287
94.134
266
101.368
272
96.765
287
103.233
306
96.228
269
100.548
305
96.136
272
93.764
363
109.243
273
96.081
291
103.966
267
101.282
351
91.795
268
92.294
263
93.594
263
92.550
297
91.231
256
92.348
295
96.355
302
91.733
281
97.812
338
96.388
275
94.383
273
109.441
284
92.269
271
95.060
294
96.029
314
89.881
303
100.140
279
93.683
291
95.200
284
96.308
291
88.826
280
94.922
281
92.270
342
100.840
258
100.097
252
87.226
264
98.719
145
96.208
235
99.515
292
97.271
295
97.566
282
89.942
310
103.048
290
87.951
267
88.796
278
123.909
280
97.280
273
93.709
276
90.782
270
125.187
284
107.591
262
86.900
298
91.927
287
99.208
255
115.524
255
93.884
277
99.765
267
102.102
283
90.182
276
87.330
296
101.255
262
95.196
265
99.810
260
96.509
269
95.477
307
91.956
292
93.185
283
88.151
292
98.181
271
90.179
313
96.787
269
92.068
300
90.028
305
105.236
266
91.719
258
93.560
389
101.364
270
92.392
304
89.010
263
92.369
273
97.118
268
98.755
313
93.251
291
93.100
277
96.507
285
99.361
230
92.009
297
98.492
226
115.723
269
103.423
300
132.099
293
96.688
265
89.100
284
117.689
301
99.363
281
102.164
289
90.745
271
100.503
272
92.859
268
92.896
279
93.545
330
95.431
271
101.773
283
92.782
284
94.578
257
94.652
281
99.428
301
92.559
308
92.867
293
107.952
295
92.424
251
105.865
312
95.112
272
97.354
292
141.037
288
96.933
279
93.979
270
95.415
265
102.553
294
98.908
294
91.120
282
108.690
263
98.758
277
91.717
294
100.434
298
94.788
283
101.414
281
107.445
310
97.837
306
92.339
270
98.544
292
98.701
289
131.661
288
90.794
300
95.058
285
121.953
306
98.972
291
94.446
304
95.185
269
96.891
253
92.770
281
97.420
263
99.419
289
91.874
275
93.941
285
92.771
273
87.891
315
92.524
265
97.586
302
92.105
283
124.884
288
118.545
327
102.160
274
109.129
292
98.606
278
91.888
280
116.546
281
98.292
341
94.940
283
94.856
290
103.832
276
95.621
297
92.139
360
97.083
264
96.430
271
93.929
286
102.218
301
93.011
320
90.781
282
95.452
279
107.501
262
96.012
272
109.473
290
95.698
290
103.302
282
92.400
298
99.289
285
97.409
296
99.958
269
97.214
303
99.413
290
100.695
293
90.475
264
98.258
265
120.891
276
98.715
276
94.852
265
100.821
282
96.274
304
92.159
245
94.459
283
93.057
325
94.072
253
93.624
306
91.612
307
89.416
274
101.988
301
93.225
269
95.991
291
118.785
276
99.061
268
94.033
285
93.798
273
93.183
270
98.655
297
87.861
275
96.736
291
91.879
286
106.594
263
90.914
288
92.198
280
88.791
295
90.051
282
97.386
289
102.297
275
96.058
290
99.148
287
92.297
280
96.408
253
90.832
274
94.457
273
93.748
316
97.132
269
93.937
310
86.669
297
98.609
292
93.354
293
91.919
289
92.125
276
102.002
294
95.946
315
88.667
292
92.898
286
92.446
274
97.114
288
91.425
289
94.002
266
95.938
270
122.883
274
91.609
288
93.748
264
87.815
302
94.363
273
92.881
256
134.818
254
96.760
299
98.191
286
100.975
258
91.461
293
97.630
296
95.492
307
111.295
309
93.722
297
97.547
286
101.022
268
103.725
254
97.510
266
102.778
274
95.708
272
90.920
277
94.718
290
90.183
277
103.690
277
103.567
279
98.695
296
102.923
268
94.430
289
92.839
280
90.634
291
145.535
284
89.449
267
118.955
284
94.060
262
100.999
278
96.752
266
100.200
291
96.574
291
92.234
290
96.888
269
90.460
269
99.826
285
90.734
265
100.956
303
106.126
279
98.976
283
96.520
286
105.934
270
95.206
275
101.132
287
109.919
277
98.679
281
96.509
273
107.133
278
98.543
282
94.413
302
101.976
279
94.634
297
97.663
285
105.812
280
95.313
275
94.967
297
112.124
279
102.539
265
95.275
294
103.936
294
88.975
299
93.814
304
96.070
277
95.004
311
94.267
285
95.384
277
94.725
277
103.555
285
95.133
293
87.845
245
103.628
268
102.694
303
93.543
284
89.000
271
98.620
301
95.394
279
98.448
265
93.499
280
99.368
276
100.800
261
93.809
285
92.337
276
100.877
260
99.424
267
92.183
284
99.584
286
91.943
287
91.465
286
93.767
267
90.557
265
100.726
278
94.513
281
94.943
317
92.784
261
91.287
291
90.767
292
92.910
287
96.784
292
98.163
263
95.684
276
93.688
291
98.500
281
91.528
284
91.628
286
92.869
260
94.284
278
98.178
272
118.840
295
101.461
276
107.099
287
100.979
285
114.040
265
115.890
278
97.059
338
108.368
286
89.881
254
102.887
283
110.376
275
100.563
282
104.817
286
97.445
306
116.175
309
127.902
276
95.124
280
116.522
280
111.562
287
103.283
254
98.997
297
108.111
311
94.451
273
91.694
278
132.159
288
90.284
289
93.207
319
95.606
289
99.761
302
91.629
256
122.733
286
94.680
273
86.571
271
95.501
283
94.143
282
102.621
286
96.299
265
96.605
301
97.525
272
107.340
297
94.248
291
91.525
282
91.565
282
100.636
289
97.970
285
107.620
331
95.139
275
94.392
287
90.354
291
93.801
273
102.128
296
91.722
315
98.041
278
95.299
296
93.426
275
98.222
317
93.402
274
100.903
293
94.542
284
95.859
295
92.631
285
99.193
285
93.057
286
98.684
281
97.220
280
117.152
286
96.692
293
88.942
289
95.058
286
98.351
296
97.798
271
92.525
303
94.725
290
105.886
311
102.016
268
96.166
280
97.678
302
98.628
318
93.140
349
94.390
285
93.802
277
102.243
253
93.949
234
96.552
275
110.792
301
99.483
271
89.713
297
95.931
284
97.388
273
98.657
307
91.901
271
92.205
268
87.887
267
90.205
289
86.856
301
90.779
292
95.319
278
98.159
308
91.537
275
98.185
268
120.166
269
102.674
294
121.951
261
91.686
296
99.431
284
92.852
269
98.251
302
94.217
294
94.819
322
99.546
275
88.402
308
104.620
272
93.228
312
92.152
265
97.009
280
90.941
285
103.450
281
121.145
295
98.517
273
98.082
256
85.378
263
90.984
269
87.836
287
87.907
283
93.625
313
100.888
268
91.428
273
103.560
282
93.770
277
94.008
268
89.386
263
89.820
268
98.161
275
90.667
277
97.492
320
90.829
267
96.647
269
91.094
286
94.400
295
94.191
274
100.914
277
91.518
295
98.014
304
98.431
282
110.469
272
94.289
290
96.855
260
104.903
308
101.056
272
100.240
296
92.885
295
95.819
262
96.810
315
99.867
283
96.963
267
96.150
270
91.454
263
94.181
280
93.447
281
97.742
268
94.608
295
96.121
257
94.164
275
134.802
264
91.554
277
90.224
279
100.600
289
99.580
291
99.793
331
107.769
252
95.101
272
96.418
342
96.904
285
92.638
261
120.772
282
92.044
287
95.074
302
88.659
269
94.851
275
108.561
280
94.890
291
87.004
281
93.735
305
94.147
262
101.698
271
89.111
263
90.902
295
100.209
281
97.655
291
102.707
296
92.169
291
92.990
279
116.026
317
90.879
310
91.384
282
97.796
281
90.620
328
93.631
274
94.092
292
102.392
308
87.819
276
95.145
278
94.938
278
93.634
312
90.090
338
112.479
283
100.758
283
94.462
293
90.652
339
89.944
274
101.643
288
98.957
268
93.660
271
101.011
318
97.254
288
90.019
314
94.634
258
95.683
262
94.397
290
121.086
305
94.187
317
94.147
300
99.320
328
116.240
273
96.800
271
98.393
273
96.324
274
101.601
268
89.261
309
91.293
299
98.153
280
86.547
296
90.319
283
95.314
283
98.440
280
97.375
277
97.037
307
97.715
295
90.031
274
98.231
309
100.172
285
100.016
273
94.859
304
122.115
291
91.627
289
122.826
314
96.147
265
103.348
268
97.231
304
103.673
303
87.286
292
98.289
287
98.714
298
102.948
310
92.789
273
95.583
253
110.520
337
100.633
309
90.443
271
96.757
280
127.228
268
100.520
293
98.096
316
97.560
298
97.981
268
94.225
281
125.463
336
98.181
275
99.525
293
92.664
281
110.897
280
94.521
263
91.839
281
101.239
254
93.800
267
97.331
296
92.467
283
90.737
290
100.672
293
92.615
296
97.892
299
100.854
248
104.723
313
91.901
278
102.852
287
91.249
273
92.187
289
101.435
252
95.842
264
98.854
312
93.638
269
102.438
290
107.140
296
98.841
280
112.897
298
86.678
291
92.709
285
96.111
328
98.992
291
110.501
277
94.439
267
103.854
277
94.945
270
131.974
274
87.391
273
98.229
297
95.447
290
92.788
291
111.817
286
94.608
271
92.360
330
90.515
305
97.849
292
97.775
274
92.937
279
93.009
285
92.900
293
91.463
279
92.235
270
124.457
269
97.582
290
99.871
269
94.976
284
98.064
255
95.200
257
97.173
288
90.867
341
100.338
280
90.967
285
98.249
268
93.262
286
101.220
303
96.020
280
115.418
268
98.175
293
97.791
278
102.708
257
93.605
277
99.047
296
93.940
277
92.191
283
114.953
294
95.028
302
95.358
262
90.279
285
95.706
288
96.487
264
102.714
305
97.105
337
90.701
270
99.451
307
102.887
296
92.124
257
98.105
258
98.447
270
96.586
281
93.087
271
87.447
295
92.589
260
95.214
310
96.152
291
95.985
269
91.623
266
93.571
282
88.769
273
130.184
275
92.265
294
95.582
300
89.380
383
91.236
298
89.155
291
103.542
254
90.984
317
91.406
292
102.738
287
99.058
289
105.167
276
107.621
315
93.181
316
87.882
313
96.435
292
105.357
272
99.614
292
99.065
295
101.063
290
112.977
285
90.776
277
97.772
268
97.918
278
101.398
295
99.345
264
92.218
286
92.396
293
96.517
328
91.170
269
91.562
284
94.025
296
99.372
299
133.023
288
100.756
272
105.625
275
96.861
284
91.271
289
89.599
317
109.594
230
94.288
283
95.828
255
97.090
291
100.049
321
94.745
223
93.345
328
91.814
297
91.155
263
89.049
299
98.425
260
99.904
284
89.608
282
94.516
277
124.387
278
97.926
266
93.918
306
101.103
275
93.360
272
137.583
285
90.504
279
95.510
281
92.945
287
92.837
260
102.567
304
94.249
278
96.459
304
103.559
280
92.611
288
91.956
290
102.815
282
95.325
296
92.073
301
96.540
274
110.400
336
97.385
328
93.169
310
101.099
263
90.153
252
94.420
314
91.962
270
108.148
283
105.172
304
97.616
279
117.941
283
95.388
266
110.948
271
97.608
285
93.583
259
95.660
298
109.438
272
93.733
288
98.238
280
106.116
291
111.649
271
95.557
285
109.085
257
107.593
301
105.321
257
124.954
302
95.044
308
91.729
269
101.684
255
157.881
282
93.931
303
95.589
267
113.331
314
94.082
261
99.285
268
100.851
255
94.821
283
135.633
282
91.934
285
106.986
283
89.412
281
93.559
276
96.749
297
96.194
273
93.389
262
93.859
269
127.028
318
93.563
285
97.132
331
98.452
267
94.598
277
91.249
290
96.931
262
95.055
268
88.500
276
92.130
340
93.727
287
98.465
275
91.971
280
96.679
294
96.669
272
95.805
293
93.237
286
95.545
292
91.911
282
138.541
314
98.242
294
96.417
263
94.525
274
94.470
301
88.680
279
120.429
285
93.182
261
94.114
189
98.762
289
92.012
289
96.851
276
93.670
266
93.549
259
119.998
280
107.054
279
96.527
277
92.674
312
92.208
266
96.193
273
105.554
296
101.919
278
102.039
277
94.369
277
105.391
279
91.263
273
101.682
280
93.846
298
95.135
292
90.587
274
94.986
299
92.895
281
92.520
280
98.689
306
91.035
396
97.549
279
93.562
286
94.002
299
92.456
266
89.953
280
91.070
260
95.643
271
100.232
303
100.948
264
96.261
293
97.410
280
93.791
280
96.963
267
107.260
283
97.976
282
93.303
280
100.664
273
91.914
279
98.175
271
95.441
270
93.981
292
100.038
272
95.585
276
96.739
292
93.141
374
105.165
270
108.983
312
90.803
301
94.768
277
96.785
268
91.881
273
89.312
330
96.631
300
94.555
292
110.373
311
93.692
258
101.787
268
91.351
341
93.255
290
89.564
287
102.410
277
99.557
306
99.979
283
101.583
314
98.937
278
93.349
310
96.324
285
96.971
265
90.396
277
91.079
312
97.366
310
97.468
268
96.020
254
100.147
273
95.469
266
91.378
278
93.401
294
109.931
301
93.961
268
100.272
284
93.576
291
99.464
272
100.150
292
100.231
291
102.932
339
96.685
298
101.282
256
88.744
302
94.992
262
92.923
299
94.837
312
100.761
270
91.516
262
97.743
275
97.310
291
110.916
275
90.792
320
101.546
273
104.628
282
94.913
275
94.868
267
95.852
284
96.629
269
91.938
280
95.951
272
94.622
269
95.014
267
110.203
282
96.331
268
95.537
284
87.644
269
98.060
272
91.889
293
91.925
282
89.801
272
95.884
267
89.591
252
95.211
285
97.488
261
109.421
268
92.201
322
96.071
290
109.379
239
108.974
271
147.959
274
92.609
271
89.104
285
99.890
313
90.756
275
98.066
285
92.976
308
97.837
278
91.253
277
105.341
274
114.995
284
112.279
286
110.903
374
111.014
301
105.543
268
102.120
279
106.657
288
105.861
293
106.016
291
112.935
313
100.276
275
102.506
316
119.132
265
104.371
288
100.329
277
104.394
289
119.743
278
99.113
336
103.378
264
103.509
322
106.356
287
107.879
264
105.267
289
101.577
271
108.353
289
105.880
297
210.476
319
165.263
294
103.846
306
102.733
266
100.554
157
107.334
290
138.595
302
103.066
265
97.548
307
98.625
272
102.150
278
108.304
298
110.333
264
99.549
294
105.841
268
108.879
294
101.671
283
111.871
310
126.196
292
129.941
274
95.063
274
97.936
298
93.898
307
100.944
297
92.162
301
94.913
263
97.159
313
106.888
290
99.619
278
105.527
285
97.264
284
125.041
320
98.705
266
91.420
290
98.506
320
92.474
280
100.222
272
101.047
162
106.460
266
119.057
290
93.982
269
115.167
266
96.045
274
89.789
283
105.660
340
94.333
303
91.789
292
97.582
275
87.953
279
93.114
296
102.076
281
99.283
208
93.358
327
99.984
287
90.980
277
92.920
326
132.246
258
95.124
294
98.730
279
99.413
293
99.158
276
100.727
281
96.567
266
91.497
280
112.557
292
107.542
282
98.909
300
103.034
278
91.147
286
99.120
290
120.375
273
108.683
276
98.417
276
108.717
293
98.313
310
95.902
270
108.667
269
101.756
296
96.128
294
99.267
268
91.567
358
90.653
288
98.283
255
90.345
280
90.953
276
93.698
293
95.705
265
87.834
290
96.998
296
118.996
302
114.833
293
91.110
316
120.396
295
92.685
259
94.215
285
99.091
284
91.114
287
103.238
192
100.536
305
94.501
260
92.931
278
101.959
290
90.649
291
113.967
299
88.982
264
94.852
262
92.450
288
98.162
301
92.817
295
104.811
297
100.900
267
91.813
293
90.211
283
101.276
280
93.321
287
95.329
284
101.854
290
94.562
272
86.770
302
94.298
296
92.551
269
94.153
313
128.626
264
93.648
283
95.710
293
130.007
314
101.113
330
91.378
293
88.556
295
103.350
271
91.424
303
102.888
262
97.249
297
92.184
276
99.086
290
92.968
301
94.070
272
104.503
263
88.647
269
109.276
282
100.746
298
93.881
273
99.066
297
95.595
265
103.441
271
95.192
307
92.240
283
92.719
285
95.075
298
93.952
316
97.896
269
109.947
272
98.724
329
97.032
301
105.844
280
121.486
286
96.458
285
95.725
274
96.551
275
103.466
301
92.852
296
92.458
284
89.429
341
92.448
286
98.870
276
91.207
265
94.845
265
92.122
282
99.862
284
91.753
294
101.713
282
90.600
295
95.161
279
99.840
279
88.840
277
91.558
258
99.968
285
96.747
305
91.160
276
103.823
285
102.170
296
119.475
259
92.900
265
101.483
286
91.191
263
97.442
304
99.260
300
103.697
281
110.548
297
115.868
272
96.408
383
97.472
297
93.672
290
100.755
268
100.460
285
98.745
300
106.934
302
97.612
272
113.879
276
90.370
293
103.614
264
102.168
261
91.719
275
119.984
277
93.125
282
99.362
294
109.840
264
90.836
265
111.401
294
115.528
298
98.444
285
101.796
279
112.299
276
96.038
314
97.315
285
96.400
284
93.687
272
156.236
251
95.520
291
95.603
144
91.016
291
137.096
299
127.960
325
120.054
280
108.510
301
107.189
289
107.374
318
95.318
271
94.935
290
114.941
310
102.811
280
93.703
327
102.997
274
95.258
279
90.379
274
109.540
267
95.301
281
96.604
303
90.712
315
106.679
302
87.134
283
90.204
325
100.975
287
91.396
278
98.432
319
89.912
287
93.050
310
124.588
287
96.959
320
94.848
282
99.915
277
88.238
295
90.323
262
100.578
266
109.620
251
88.411
314
107.511
284
108.225
301
90.810
272
106.804
297
115.863
287
95.078
263
94.321
269
116.650
282
93.782
265
89.465
299
96.800
325
94.771
279
111.761
280
94.160
275
91.858
286
94.151
303
97.709
299
92.027
279
91.207
267
90.224
284
97.099
327
106.955
259
97.043
309
94.843
271
97.420
261
102.454
297
96.736
264
92.206
278
103.117
301
91.638
282
97.110
287
97.011
302
90.961
299
98.609
307
104.092
269
98.684
284
93.811
286
95.874
285
91.713
280
114.747
273
97.652
313
89.970
293
100.446
273
98.357
291
93.487
278
102.257
284
96.681
276
103.663
264
93.370
254
95.529
274
94.788
257
126.327
286
94.689
280
93.941
302
95.635
287
108.219
282
93.550
284
94.957
292
96.012
302
98.012
282
109.583
284
89.975
270
101.511
301
95.699
289
102.346
285
104.586
284
99.699
293
117.401
288
94.390
318
108.392
279
92.638
288
106.438
289
102.039
284
137.247
244
111.340
263
121.937
297
100.199
297
98.755
294
104.957
276
114.470
301
113.590
289
215.643
275
121.503
296
109.052
275
94.925
291
104.832
286
105.597
319
105.610
279
98.367
320
103.133
336
106.459
279
100.764
303
105.287
284
104.683
315
100.012
318
102.782
270
99.551
318
104.577
300
110.342
275
104.952
257
110.473
270
107.804
281
104.476
291
117.735
303
99.093
242
104.009
283
113.793
281
117.370
280
100.474
281
103.800
288
136.606
288
99.843
277
96.732
263
102.546
299
97.521
275
104.260
291
96.387
277
95.717
295
104.759
292
95.782
291
91.713
309
95.501
264
127.596
312
97.754
284
99.744
303
101.809
282
92.761
276
91.471
291
93.104
277
91.890
277
123.297
283
91.904
294
91.070
285
100.133
291
93.858
272
90.808
318
96.472
285
92.851
276
119.324
285
111.010
298
93.850
281
97.007
295
98.104
270
101.299
272
101.882
291
102.165
282
92.834
300
90.890
293
90.829
292
92.681
276
93.924
321
101.065
295
94.755
283
94.116
311
95.430
285
108.310
351
91.016
301
116.154
273
92.616
179
90.569
301
88.949
314
96.384
284
99.247
282
104.068
273
92.834
259
93.132
285
105.571
319
90.089
281
96.028
309
93.314
301
95.424
297
93.660
287
95.177
304
94.166
297
99.037
269
95.277
360
93.189
280
91.595
287
95.884
288
99.605
275
103.125
278
97.868
283
93.936
320
88.408
269
105.852
290
92.828
279
102.353
272
120.491
326
120.722
281
95.219
292
95.474
298
91.169
303
95.244
306
100.350
263
100.356
285
107.523
305
148.081
296
126.940
297
100.902
300
100.899
285
118.583
296
93.276
283
90.997
299
99.158
283
103.582
286
93.442
284
94.141
268
96.568
289
96.839
277
110.435
264
92.013
286
90.803
307
123.983
287
95.415
273
91.796
267
104.442
316
90.558
287
108.498
293
98.634
276
93.075
305
93.081
298
89.546
283
93.069
294
92.100
273
107.448
272
96.878
288
102.943
267
97.166
295
94.207
281
99.929
274
93.145
264
105.947
268
103.187
304
100.129
311
96.197
291
99.217
294
104.408
269
111.205
284
114.871
267
98.836
282
95.168
299
91.014
274
96.495
304
108.508
293
104.414
324
90.772
291
95.811
281
95.449
296
89.242
289
91.925
280
102.216
293
99.117
282
91.820
300
93.243
268
89.894
278
92.971
279
97.085
254
92.689
333
105.076
279
93.190
405
95.772
287
113.437
316
90.257
281
121.682
306
94.192
287
95.523
300
111.728
289
96.338
283
92.585
310
99.821
297
95.342
286
98.811
296
97.174
301
112.369
281
93.689
275
92.848
297
109.716
317
93.270
316
91.682
273
92.558
283
98.403
263
92.303
302
98.851
278
99.735
259
90.088
292
93.224
276
96.440
281
95.251
318
88.491
302
95.121
302
106.829
268
94.408
271
89.211
258
96.850
282
87.447
313
93.045
309
119.815
146
95.126
301
104.805
293
99.739
326
93.004
278
96.961
272
93.542
286
103.444
205
96.990
311
96.614
287
110.702
288
97.534
278
95.257
302
123.123
341
99.403
273
95.572
285
95.805
291
94.694
266
91.081
331
97.883
297
98.460
291
100.715
299
98.066
278
94.959
237
100.275
274
93.309
290
91.560
271
93.811
263
95.786
293
94.217
263
90.126
276
98.607
249
95.472
313
96.761
273
92.206
283
93.295
135
96.714
266
93.813
134
87.683
260
92.880
263
99.227
283
94.971
235
99.399
302
99.293
301
101.534
273
92.238
315
94.059
271
94.205
320
94.980
254
90.964
274
90.742
282
94.845
289
96.321
269
90.937
266
90.809
263
91.838
275
91.977
298
97.350
271
93.044
275
97.193
280
97.788
315
95.143
281
92.685
265
92.394
282
98.639
237
93.716
254
94.628
277
95.567
283
97.613
290
109.146
257
91.746
291
99.015
284
102.989
244
100.907
286
92.133
283
90.235
162
97.804
289
105.419
293
100.246
286
95.619
221
101.030
282
92.334
263
94.733
275
95.999
313
115.829
294
90.208
259
112.271
280
110.507
302
89.977
294
122.323
279
97.806
310
89.365
264
125.603
267
90.547
270
106.442
273
93.893
278
109.686
273
98.993
293
90.770
298
122.473
275
138.339
259
89.415
282
90.953
266
115.813
284
94.694
263
119.282
264
93.956
273
143.689
282
93.472
276
107.149
308
105.437
273
98.075
290
94.160
275
119.257
190
91.889
191
101.177
309
88.580
286
90.638
275
95.563
260
97.146
274
94.982
290
103.790
284
98.556
276
92.053
297
97.911
285
94.451
266
93.689
260
99.565
293
93.164
355
94.854
291
96.192
305
89.674
281
92.359
293
88.371
271
87.285
287
108.109
273
96.160
300
98.198
270
94.690
297
96.123
249
94.338
304
100.135
288
90.646
270
99.473
300
102.096
286
97.957
304
105.377
310
93.961
320
88.010
274
97.737
292
104.589
270
98.493
275
102.623
265
99.353
277
94.733
257
95.314
292
98.674
269
104.408
276
97.218
193
95.043
312
92.824
303
92.068
292
95.036
258
89.104
279
90.358
168
100.165
290
96.165
271
87.973
293
96.609
263
90.357
290
114.472
298
93.862
275
98.897
294
103.589
272
91.050
300
99.562
305
96.365
270
104.181
266
98.293
263
91.990
254
98.598
287
89.872
289
94.692
317
133.351
260
96.739
298
106.447
270
95.352
263
118.094
290
97.099
276
93.663
280
116.462
326
92.105
268
95.018
289
90.187
145
96.118
265
93.824
182
94.357
263
101.462
284
91.833
288
97.036
271
115.392
318
93.356
268
88.942
262
88.736
289
92.459
287
95.453
272
95.854
269
102.812
266
95.752
282
108.210
309
98.814
286
118.295
281
108.140
312
98.031
290
97.876
321
100.091
303
100.734
262
121.558
267
112.243
289
97.563
260
97.444
275
94.477
293
94.057
289
93.483
275
100.847
254
93.089
291
119.247
288
97.562
296
93.236
279
101.505
294
108.720
265
96.787
286
91.389
266
112.165
292
100.221
312
93.974
284
110.484
273
94.043
278
90.562
271
87.452
251
94.697
272
90.040
267
94.128
293
94.879
297
91.695
271
95.913
282
88.475
204
93.113
323
93.917
287
99.656
318
92.139
270
98.320
275
92.468
148
91.145
284
96.861
258
105.058
258
102.886
296
106.325
340
99.354
276
92.228
268
90.585
271
95.834
265
90.049
282
99.963
285
97.776
273
93.412
292
100.751
262
90.173
271
92.159
277
91.319
302
93.559
283
123.581
279
92.786
291
119.750
280
100.632
310
129.931
316
93.352
270
103.447
315
93.046
284
98.980
285
102.367
267
92.376
290
97.715
287
94.498
297
104.455
304
99.554
288
97.392
256
92.203
264
95.482
259
94.978
286
89.208
269
102.595
278
92.822
314
93.391
271
97.226
261
88.020
261
104.586
324
96.837
309
95.872
276
94.366
269
103.302
279
101.462
269
92.129
283
92.932
270
116.082
278
91.321
279
96.050
268
96.301
263
85.574
311
106.312
287
101.025
350
103.506
296
94.746
300
91.501
301
90.828
278
97.195
292
98.808
255
97.976
285
100.046
269
90.778
265
91.427
275
95.428
307
93.824
289
93.832
262
93.610
139
96.764
278
92.951
259
94.752
347
89.218
290
131.719
254
91.641
296
100.920
315
91.478
260
89.712
351
92.541
320
94.206
270
95.035
283
104.040
258
99.441
261
87.043
271
94.553
286
96.493
277
93.803
274
102.647
274
94.212
309
114.046
297
100.825
257
96.321
291
97.020
282
101.538
277
90.614
304
95.658
269
103.816
271
101.908
285
106.344
307
90.950
301
94.429
280
97.516
281
129.839
317
94.133
308
92.753
256
112.901
287
94.018
271
90.227
276
100.333
280
97.996
293
93.476
278
123.182
258
99.774
288
94.655
289
88.860
261
94.813
326
101.096
281
101.425
284
108.691
284
95.595
274
109.032
284
96.143
304
94.919
230
91.824
273
97.557
262
92.198
269
93.750
257
93.318
239
106.357
313
94.913
268
90.904
253
91.463
222
108.576
267
93.832
292
98.789
291
100.528
287
107.186
327
89.551
288
92.903
295
99.384
291
95.531
286
86.375
294
93.753
280
107.374
269
92.425
290
99.820
310
90.322
295
94.885
277
93.532
294
91.366
256
94.967
151
96.757
293
92.519
289
96.541
266
88.321
274
99.127
273
93.294
298
111.441
272
120.114
309
94.411
275
88.603
287
90.500
280
90.969
287
92.767
266
99.718
271
101.520
284
98.636
274
92.314
283
96.896
282
94.494
284
97.373
278
96.262
221
94.964
270
100.200
274
91.058
289
99.607
281
93.171
263
101.341
271
94.143
278
94.770
305
97.119
265
95.354
265
93.667
199
93.481
326
102.521
271
106.490
273
99.178
266
93.402
262
96.078
257
91.018
290
91.455
316
97.556
269
96.913
268
122.343
277
89.038
288
94.357
208
93.321
272
98.688
273
95.055
273
97.155
275
94.192
275
91.578
213
95.009
273
96.938
282
96.911
336
101.405
274
92.945
231
110.952
342
99.105
276
91.886
279
90.940
300
108.813
270
94.948
233
100.592
284
96.492
270
92.408
294
115.324
288
92.444
257
114.037
304
94.522
260
94.045
273
99.002
262
94.460
302
96.044
297
96.433
288
91.786
280
117.698
272
96.098
290
94.401
228
91.472
282
97.750
285
89.388
306
99.671
285
92.353
291
89.629
279
101.369
287
91.339
287
110.639
292
103.005
315
107.263
261
97.138
308
123.904
286
103.121
267
92.785
275
88.184
279
95.457
270
92.659
380
95.777
304
97.590
274
86.282
269
98.283
276
122.912
276
99.543
284
98.342
285
94.228
302
95.139
261
93.884
249
98.434
273
93.977
322
93.106
277
93.663
276
88.510
288
106.545
274
133.781
270
105.891
269
95.678
298
98.647
263
111.463
189
94.161
318
111.503
330
104.216
286
106.687
215
100.131
253
98.877
287
124.235
271
93.649
290
94.327
260
105.766
296
103.498
289
91.872
275
94.653
266
120.742
285
97.331
273
89.137
272
112.625
303
91.563
264
120.016
279
155.862
294
96.098
304
101.112
300
115.135
283
90.193
317
92.892
288
112.006
294
88.218
293
91.441
301
98.836
287
148.525
320
87.988
289
91.457
297
92.513
324
92.533
293
93.449
264
102.144
279
99.447
261
91.854
245
96.349
292
112.624
282
90.895
269
94.773
192
96.899
278
100.710
147
95.343
273
87.962
327
98.744
291
92.993
255
102.335
220
104.774
279
97.668
278
95.291
267
92.480
291
90.152
279
91.073
307
91.545
288
97.986
280
92.190
257
93.119
273
93.819
266
102.167
264
97.910
291
93.223
303
100.016
284
92.865
310
98.468
297
90.578
284
93.145
148
90.406
261
102.030
314
91.325
289
92.813
284
95.243
291
106.416
318
97.141
275
98.174
188
99.477
283
101.016
287
96.533
289
97.627
278
99.263
316
96.625
276
107.136
291
91.201
271
90.434
277
92.630
293
110.191
289
97.104
286
99.387
265
95.151
276
122.457
276
93.832
275
123.319
290
97.009
265
91.927
256
98.553
292
97.699
267
91.024
278
91.005
320
99.339
268
98.776
325
96.671
276
87.452
291
94.920
252
114.432
286
99.591
300
90.652
269
115.722
273
96.063
293
86.000
285
96.755
306
105.249
283
94.575
279
100.176
289
94.423
275
87.836
282
99.424
276
94.172
291
93.392
268
91.851
270
103.856
283
93.155
273
100.535
296
108.139
309
103.949
330
88.814
298
90.578
276
92.054
299
95.195
300
92.914
273
101.279
279
95.592
317
97.912
297
99.219
264
93.748
286
99.786
291
96.350
260
96.546
264
91.411
264
93.664
273
98.743
325
108.431
294
103.815
309
95.317
275
96.105
277
92.214
183
108.891
271
92.131
326
96.005
306
88.300
248
100.309
294
91.445
294
91.203
273
104.520
262
103.675
285
106.103
145
92.192
290
97.095
292
95.517
261
102.220
314
99.031
317
108.200
292
124.496
272
98.107
293
94.070
284
93.379
307
92.381
286
92.217
298
103.501
268
94.306
291
100.755
279
101.226
266
89.062
293
96.793
291
94.268
216
85.914
294
92.079
260
99.551
299
91.864
268
101.231
290
93.673
138
90.900
291
98.528
280
112.653
309
96.420
270
89.906
268
104.727
276
94.245
275
112.629
264
103.280
275
90.652
280
97.233
262
100.724
263
93.232
302
89.482
268
97.289
308
95.703
269
92.061
270
94.023
272
91.236
288
96.784
273
96.150
282
97.659
251
99.468
292
95.617
310
103.145
279
94.447
279
86.970
280
103.800
294
89.189
288
95.671
289
97.775
291
96.858
262
95.665
334
95.608
285
91.986
287
98.145
273
96.784
253
96.754
143
95.075
255
92.570
328
91.605
338
98.591
278
98.275
303
98.499
276
95.252
283
93.099
279
103.128
286
89.672
290
94.014
270
89.638
273
96.033
196
97.414
257
100.819
316
94.660
320
91.101
280
95.066
271
90.398
307
97.096
303
95.451
285
95.504
268
91.255
286
91.489
273
96.000
272
95.430
283
93.144
272
102.288
291
93.476
275
96.888
328
96.974
297
96.380
276
90.971
259
127.563
272
88.085
284
97.957
299
95.105
275
91.037
324
89.464
282
100.302
309
96.112
296
105.445
306
92.260
273
90.055
264
97.004
270
93.862
278
100.199
281
102.960
277
101.427
271
92.274
327
104.840
268
94.278
233
97.731
275
123.529
281
97.302
296
95.219
278
89.615
292
92.212
316
102.208
282
106.453
277
99.142
273
91.818
281
91.348
277
94.318
286
90.707
299
101.321
183
128.946
284
102.022
283
89.628
288
96.402
281
91.471
311
95.115
306
90.100
302
95.283
274
98.950
257
91.366
290
89.422
284
87.335
277
100.716
275
86.871
317
91.047
283
99.531
271
93.910
294
90.924
272
102.943
240
92.937
287
135.623
264
104.119
262
92.008
280
95.602
300
92.083
288
98.838
281
125.767
284
94.809
298
101.776
298
100.918
287
96.990
282
97.242
284
98.934
280
98.179
286
95.802
304
89.216
297
95.929
282
98.164
273
96.753
278
96.028
266
92.998
281
100.801
306
117.980
269
102.108
267
96.663
288
98.867
288
91.277
296
92.546
254
118.817
280
101.757
269
98.135
285
94.742
250
99.618
295
97.153
304
101.182
286
92.200
273
93.567
287
92.253
255
96.282
301
99.440
295
95.383
296
96.188
303
100.548
257
98.428
277
103.598
306
94.456
262
112.960
291
97.050
295
98.760
290
98.779
292
92.598
250
99.702
263
98.898
348
91.594
262
92.007
288
106.494
277
92.124
258
113.965
299
99.367
294
89.740
288
100.228
263
92.607
276
100.416
238
93.988
282
92.326
277
124.531
291
88.292
263
99.803
292
88.337
277
89.716
269
90.756
257
94.525
308
93.107
280
121.372
262
92.750
275
100.571
277
92.402
282
90.809
290
91.295
294
96.729
289
94.817
361
91.200
344
105.021
285
102.157
293
91.935
267
92.475
307
97.533
234
97.853
267
89.758
359
100.418
307
96.341
313
100.009
272
91.759
287
105.902
267
102.331
270
98.118
302
95.775
291
92.887
300
95.471
304
99.475
299
96.767
321
90.639
306
94.088
284
89.611
403
95.996
272
109.634
279
92.874
291
92.830
303
89.261
292
97.668
312
90.234
222
92.062
279
95.702
190
90.986
331
113.381
304
125.976
281
94.641
295
97.245
249
99.527
283
99.038
295
93.352
269
95.355
277
89.194
275
94.278
297
90.125
281
91.103
245
95.138
276
97.442
301
94.734
315
92.792
274
99.789
250
91.905
301
115.703
283
94.309
278
98.358
273
93.362
288
98.600
321
92.245
297
95.730
283
110.015
262
90.571
279
120.272
270
97.565
265
100.331
289
109.693
287
101.987
303
88.761
263
111.401
319
93.539
282
112.822
299
111.777
278
108.004
301
98.175
291
114.560
292
90.117
299
121.993
296
95.028
327
91.229
293
101.993
296
107.224
266
99.506
290
89.589
293
96.319
291
97.742
275
100.523
265
96.330
260
94.800
322
124.630
278
107.456
341
92.950
292
93.002
273
93.500
274
92.489
303
94.697
332
93.366
264
95.429
288
93.664
286
91.470
187
93.447
302
98.951
291
104.700
291
92.922
296
101.729
297
99.825
259
98.203
256
91.682
297
104.916
286
88.825
263
92.551
292
96.160
162
89.251
286
94.642
276
93.557
269
92.924
291
91.938
287
95.889
186
97.726
308
98.673
252
97.607
276
108.296
275
102.247
272
96.957
273
118.739
283
95.679
291
106.467
272
101.600
286
93.793
268
93.649
281
94.958
271
117.891
288
89.522
274
97.506
304
102.898
284
97.418
272
92.078
283
89.469
281
98.173
297
96.526
272
92.920
298
97.229
269
91.226
282
96.950
273
100.255
280
93.652
276
88.624
319
112.069
286
92.173
285
94.318
274
93.495
283
90.825
291
104.307
339
99.584
300
94.149
275
97.495
312
100.114
302
92.794
275
95.764
338
94.908
240
94.417
308
95.033
289
94.831
275
92.973
282
92.229
281
98.177
277
120.870
141
95.150
239
91.819
195
102.640
280
100.277
335
99.871
267
95.279
289
104.047
291
101.340
272
110.114
324
95.695
278
95.163
293
94.365
296
96.154
280
96.955
297
99.357
326
94.119
290
91.821
307
93.779
309
134.223
294
106.664
269
92.217
314
90.910
278
101.910
290
99.487
284
89.833
267
98.308
275
94.202
281
91.915
284
95.995
294
92.020
278
97.024
290
96.196
282
93.122
279
110.960
289
90.269
267
88.345
287
101.608
293
90.760
309
90.915
293
124.249
279
91.927
273
94.929
261
95.693
262
104.522
239
98.965
304
92.881
306
102.613
285
89.557
328
92.808
285
89.497
289
94.514
285
94.449
314
95.273
276
96.399
305
92.591
309
115.899
341
99.229
295
92.058
285
94.885
244
100.913
276
93.563
298
102.524
284
91.157
321
91.698
267
95.472
280
112.270
329
105.844
325
98.033
314
88.629
281
94.549
271
94.406
279
90.997
300
92.398
267
95.922
271
91.918
287
97.686
279
98.929
318
91.297
269
92.708
294
125.828
285
122.436
300
107.918
287
112.149
283
109.617
311
105.629
279
96.388
267
98.893
307
90.576
275
103.789
295
101.752
303
123.023
273
97.235
302
93.356
294
93.749
303
95.856
257
96.556
270
99.256
306
88.940
332
101.193
277
96.596
348
97.911
258
95.965
283
95.343
265
94.890
275
94.971
282
92.510
271
95.656
268
89.891
263
98.470
260
89.477
273
94.170
297
98.177
305
92.041
291
109.376
332
95.574
281
89.005
275
118.866
273
89.844
274
92.678
283
92.723
265
100.706
266
95.288
292
107.091
283
93.650
273
95.298
283
100.343
280
97.120
257
99.430
301
94.215
238
94.884
279
97.712
287
102.267
273
102.815
278
93.070
318
92.739
261
89.043
266
95.358
256
96.927
287
99.236
260
97.549
282
92.301
270
99.596
189
99.510
299
89.293
262
91.604
236
100.798
274
100.495
269
103.748
259
98.610
272
91.994
303
92.664
269
93.918
262
90.819
298
93.899
275
101.307
274
93.986
265
94.808
325
88.390
270
95.253
281
98.499
274
103.325
277
100.788
258
96.416
290
95.474
269
94.988
308
96.837
273
91.834
289
113.395
274
93.673
258
95.653
280
93.229
300
101.516
291
91.408
306
92.461
283
114.968
283
98.711
304
99.974
256
103.353
301
104.485
255
90.340
277
93.432
304
100.776
256
89.471
315
94.486
305
95.444
258
99.829
257
94.811
220
95.709
255
100.829
258
92.837
289
93.440
279
93.618
205
104.571
272
97.679
286
99.446
273
90.713
266
95.002
296
93.898
280
99.753
309
88.356
292
92.683
276
102.852
284
94.079
316
101.054
269
101.121
267
92.759
295
92.361
289
130.572
298
94.834
292
102.642
280
94.723
301
94.332
272
93.788
261
99.887
314
101.606
274
94.077
261
92.771
333
92.746
302
96.616
266
96.809
304
91.818
276
97.752
269
93.195
279
98.465
292
97.797
288
96.524
301
88.107
227
100.139
293
101.472
269
94.503
305
96.455
272
96.262
292
92.365
268
95.590
263
90.440
284
95.546
275
107.612
280
97.391
274
93.871
132
98.993
280
99.978
268
92.033
269
94.230
288
108.961
283
95.279
284
96.110
293
94.425
276
95.819
328
90.793
302
103.999
276
95.494
267
90.203
272
96.107
284
93.062
299
89.900
207
94.243
222
97.034
286
95.270
277
94.735
288
97.109
289
89.842
329
95.796
272
102.603
292
101.180
267
96.164
312
95.709
266
94.720
310
96.293
336
91.247
288
102.153
293
104.833
333
94.520
275
93.666
262
92.129
265
93.204
288
89.977
260
118.674
270
94.665
282
100.273
299
90.751
269
90.770
280
95.286
282
94.688
300
120.067
293
93.164
284
93.574
270
96.767
283
91.478
272
92.955
275
93.756
268
102.319
281
96.164
334
91.643
286
93.317
298
92.187
275
91.508
293
104.585
294
101.740
270
103.473
292
92.862
259
91.622
275
94.490
139
96.144
270
90.810
270
98.907
281
92.857
257
90.335
310
90.227
298
90.973
230
93.878
282
101.997
288
96.195
277
91.815
275
100.802
274
94.305
262
89.843
283
92.914
294
94.704
271
94.258
271
101.875
299
93.948
278
92.834
264
96.367
330
89.001
253
96.833
301
95.057
146
95.697
278
90.219
304
99.645
291
98.234
291
96.899
273
100.042
266
94.977
270
101.010
273
96.277
273
97.324
328
90.685
301
100.453
273
108.782
272
99.967
266
112.355
269
128.680
286
108.849
257
121.085
276
112.967
382
94.369
284
118.758
294
89.385
273
114.886
298
91.905
259
117.169
295
119.132
341
97.834
273
100.240
280
118.515
257
94.552
323
94.162
323
104.062
175
97.916
256
95.934
289
89.083
310
94.425
336
101.404
290
103.740
300
98.036
329
90.127
273
95.508
266
91.149
277
121.561
271
99.564
288
97.636
283
94.707
300
99.884
276
98.579
325
95.076
274
94.304
301
91.570
281
111.273
283
93.276
276
101.076
348
91.610
294
91.564
268
92.687
300
97.581
317
91.634
283
91.765
272
89.805
293
91.795
310
90.467
273
90.924
338
96.488
298
90.836
282
98.310
324
95.156
284
96.769
296
99.081
274
93.339
255
97.349
270
92.760
298
90.253
280
89.563
297
96.203
297
102.044
279
99.198
185
101.041
146
96.603
335
92.446
280
105.325
293
88.624
313
91.165
279
96.694
310
94.788
264
91.517
279
121.151
309
97.492
278
118.978
290
90.465
283
95.767
273
126.628
269
91.439
287
100.844
314
100.528
296
89.996
287
118.181
261
98.113
294
94.558
290
100.487
252
91.126
289
90.460
296
94.456
283
99.052
304
95.140
271
102.755
265
101.093
265
96.551
316
94.014
238
119.011
275
104.010
276
99.538
269
133.932
286
96.744
268
88.990
274
93.445
266
93.031
267
96.581
283
93.517
264
95.197
253
93.909
287
90.716
296
104.227
306
92.445
293
98.022
276
91.789
276
99.190
302
105.346
286
90.053
284
93.562
306
94.806
268
95.237
149
94.366
348
110.785
263
90.989
275
96.700
273
98.714
303
98.404
296
93.193
326
98.340
253
90.154
300
91.951
272
130.078
279
90.437
282
94.949
298
96.838
289
93.577
272
94.726
287
108.189
280
91.435
265
100.109
284
97.747
274
93.182
313
95.421
286
97.498
256
93.844
266
97.389
280
100.569
312
96.978
279
94.330
291
95.276
280
94.136
296
97.184
275
92.415
268
92.896
257
99.969
317
100.830
292
104.689
315
102.220
279
92.950
280
94.750
259
93.807
283
95.752
268
92.463
280
92.133
309
93.311
295
94.468
273
92.418
199
103.936
243
95.790
296
110.577
303
94.856
286
97.555
282
98.247
312
94.719
272
90.555
278
91.898
296
105.439
292
93.911
302
94.004
276
92.497
286
97.919
283
97.896
299
92.413
277
102.140
279
95.558
276
89.376
283
93.861
268
90.754
293
99.478
260
90.015
325
102.044
362
95.853
275
93.552
136
100.712
298
97.892
270
91.330
283
93.852
280
98.785
304
105.320
298
96.827
289
92.731
270
96.356
255
92.851
293
96.486
284
93.864
267
101.308
306
90.531
263
93.620
287
363.268
258
98.562
280
99.714
278
110.024
311
99.271
284
97.800
285
93.920
283
94.379
289
98.636
267
98.955
275
93.499
300
94.191
322
97.941
297
94.765
266
87.814
270
96.196
273
93.045
299
92.712
259
91.157
283
102.635
320
90.844
265
94.024
292
92.004
143
101.244
271
88.701
296
94.241
294
88.066
285
87.802
271
94.041
272
95.919
267
87.046
227
92.246
283
98.910
267
94.654
279
114.410
318
90.823
263
96.189
280
99.534
280
93.311
264
96.553
292
91.682
266
89.325
271
130.327
296
93.327
272
89.601
293
117.090
271
100.853
292
94.223
276
101.296
289
93.389
262
97.400
291
103.669
287
92.585
334
99.246
272
94.082
298
93.673
289
100.642
301
90.181
273
91.588
232
91.125
278
95.597
283
107.600
292
90.235
399
105.789
269
104.209
281
108.282
285
106.348
285
95.084
281
116.934
292
109.818
293
106.283
284
100.354
283
99.255
324
102.514
282
92.795
294
108.629
275
105.765
270